Restrict:
[[[0.9 0.1]
  [0.7 0.3]]

 [[0.4 0.6]
  [0.2 0.8]]]
Restricted:
[[0.1 0.3]
 [0.6 0.8]]
Restrict:
[[[0.99 0.01]
  [0.1  0.9 ]]

 [[0.9  0.1 ]
  [0.1  0.9 ]]]
Restricted:
[[0.99 0.1 ]
 [0.9  0.1 ]]


Step 1:
Remove:
[[0.996 0.99 ]
 [0.004 0.01 ]]
[0.95 0.05]
[[0.99 0.1 ]
 [0.9  0.1 ]]
Add:
[0.941688 0.00347 ]
Step 2:
Remove:
[0.2 0.8]
[[0.1 0.3]
 [0.6 0.8]]
[[0.99 0.01]
 [0.9  0.1 ]]
Add:
[[0.4518 0.0482]
 [0.6354 0.0646]]
Step 3:
Remove:
[[0.4518 0.0482]
 [0.6354 0.0646]]
Add:
[0.5 0.7]
P(Fraud | OP = 1, FP = 0)=[0.99486766 0.00513234]

